9.100000262260437012e-01
9.484999775886535645e-01
9.504008293151855469e-01
9.664999842643737793e-01
9.689999818801879883e-01
9.639278650283813477e-01
9.794999957084655762e-01
9.624248743057250977e-01
9.769999980926513672e-01
9.760000109672546387e-01
9.779559373855590820e-01
9.745000004768371582e-01
9.745000004768371582e-01
9.799599051475524902e-01
9.794999957084655762e-01
9.824649095535278320e-01
9.789999723434448242e-01
9.794999957084655762e-01
9.859719276428222656e-01
9.844999909400939941e-01
9.774549007415771484e-01
9.804999828338623047e-01
9.860000014305114746e-01
9.894789457321166992e-01
9.900000095367431641e-01
9.904999732971191406e-01
9.934870004653930664e-01
9.925000071525573730e-01
9.884769320487976074e-01
9.909999966621398926e-01
9.900000095367431641e-01
9.939879775047302246e-01
9.890000224113464355e-01
9.929859638214111328e-01
9.950000047683715820e-01
9.894999861717224121e-01
9.949899911880493164e-01
9.959999918937683105e-01
9.950000047683715820e-01
9.964929819107055664e-01
9.959999918937683105e-01
9.904809594154357910e-01
9.940000176429748535e-01
9.955000281333923340e-01
9.954909682273864746e-01
9.904999732971191406e-01
9.949899911880493164e-01
9.934999942779541016e-01
9.955000281333923340e-01
9.934870004653930664e-01
9.955000281333923340e-01
9.965000152587890625e-01
9.964929819107055664e-01
9.969999790191650391e-01
9.984970092773437500e-01
9.959999918937683105e-01
9.980000257492065430e-01
9.919839501380920410e-01
9.975000023841857910e-01
9.959999918937683105e-01
9.989979863166809082e-01
9.975000023841857910e-01
9.959920048713684082e-01
9.965000152587890625e-01
9.940000176429748535e-01
9.974949955940246582e-01
9.994999766349792480e-01
9.964929819107055664e-01
9.959999918937683105e-01
9.994999766349792480e-01
9.949899911880493164e-01
9.969999790191650391e-01
9.984999895095825195e-01
9.964929819107055664e-01
9.975000023841857910e-01
9.989979863166809082e-01
9.969999790191650391e-01
9.980000257492065430e-01
9.994990229606628418e-01
9.990000128746032715e-01
9.964929819107055664e-01
9.955000281333923340e-01
9.975000023841857910e-01
9.959920048713684082e-01
9.990000128746032715e-01
9.969999790191650391e-01
9.974949955940246582e-01
9.975000023841857910e-01
9.964929819107055664e-01
9.984999895095825195e-01
9.990000128746032715e-01
9.979959726333618164e-01
9.950000047683715820e-01
9.969939589500427246e-01
9.955000281333923340e-01
9.980000257492065430e-01
9.979959726333618164e-01
9.984999895095825195e-01
9.980000257492065430e-01
9.974949955940246582e-01
9.965000152587890625e-01
9.979959726333618164e-01
9.975000023841857910e-01
9.969999790191650391e-01
9.974949955940246582e-01
9.959999918937683105e-01
9.965000152587890625e-01
9.934870004653930664e-01
9.950000047683715820e-01
9.969939589500427246e-01
9.984999895095825195e-01
9.969999790191650391e-01
9.989979863166809082e-01
9.975000023841857910e-01
9.989979863166809082e-01
9.984999895095825195e-01
9.980000257492065430e-01
9.969939589500427246e-01
9.984999895095825195e-01
9.965000152587890625e-01
9.984970092773437500e-01
9.965000152587890625e-01
9.979959726333618164e-01
9.994999766349792480e-01
9.984999895095825195e-01
9.984970092773437500e-01
9.969999790191650391e-01
9.994990229606628418e-01
9.980000257492065430e-01
1.000000000000000000e+00
9.969939589500427246e-01
9.965000152587890625e-01
9.980000257492065430e-01
9.979959726333618164e-01
9.994999766349792480e-01
9.979959726333618164e-01
9.984999895095825195e-01
9.975000023841857910e-01
9.979959726333618164e-01
9.984999895095825195e-01
1.000000000000000000e+00
1.000000000000000000e+00
9.975000023841857910e-01
9.979959726333618164e-01
9.980000257492065430e-01
9.990000128746032715e-01
9.969939589500427246e-01
9.969999790191650391e-01
9.989979863166809082e-01
9.975000023841857910e-01
9.984999895095825195e-01
9.974949955940246582e-01
9.994999766349792480e-01
9.969939589500427246e-01
9.994999766349792480e-01
9.980000257492065430e-01
9.994990229606628418e-01
9.984999895095825195e-01
9.984999895095825195e-01
9.979959726333618164e-01
9.984999895095825195e-01
9.974949955940246582e-01
9.990000128746032715e-01
9.994999766349792480e-01
9.984970092773437500e-01
9.990000128746032715e-01
9.994999766349792480e-01
9.959920048713684082e-01
9.990000128746032715e-01
9.974949955940246582e-01
9.984999895095825195e-01
9.980000257492065430e-01
9.974949955940246582e-01
9.990000128746032715e-01
1.000000000000000000e+00
9.975000023841857910e-01
9.980000257492065430e-01
1.000000000000000000e+00
9.994999766349792480e-01
9.984999895095825195e-01
9.989979863166809082e-01
9.980000257492065430e-01
9.979959726333618164e-01
9.990000128746032715e-01
9.990000128746032715e-01
9.989979863166809082e-01
9.980000257492065430e-01
9.994990229606628418e-01
1.000000000000000000e+00
9.980000257492065430e-01
9.979959726333618164e-01
9.994999766349792480e-01
9.990000128746032715e-01
9.979959726333618164e-01
9.969999790191650391e-01
9.989979863166809082e-01
1.000000000000000000e+00
9.990000128746032715e-01
9.984970092773437500e-01
9.990000128746032715e-01
9.979959726333618164e-01
9.994999766349792480e-01
9.994999766349792480e-01
9.994990229606628418e-01
9.975000023841857910e-01
9.980000257492065430e-01
9.989979863166809082e-01
9.969999790191650391e-01
9.989979863166809082e-01
9.994999766349792480e-01
9.969999790191650391e-01
9.974949955940246582e-01
1.000000000000000000e+00
9.990000128746032715e-01
9.989979863166809082e-01
9.984999895095825195e-01
9.959920048713684082e-01
9.994999766349792480e-01
9.990000128746032715e-01
9.979959726333618164e-01
9.975000023841857910e-01
9.994990229606628418e-01
9.990000128746032715e-01
9.984999895095825195e-01
9.984970092773437500e-01
9.980000257492065430e-01
9.984999895095825195e-01
9.979959726333618164e-01
9.980000257492065430e-01
9.984970092773437500e-01
9.994999766349792480e-01
9.975000023841857910e-01
9.979959726333618164e-01
9.980000257492065430e-01
9.994990229606628418e-01
9.980000257492065430e-01
9.975000023841857910e-01
9.964929819107055664e-01
1.000000000000000000e+00
9.990000128746032715e-01
9.994990229606628418e-01
1.000000000000000000e+00
9.974949955940246582e-01
9.990000128746032715e-01
9.980000257492065430e-01
9.989979863166809082e-01
9.984999895095825195e-01
9.954909682273864746e-01
9.975000023841857910e-01
9.994999766349792480e-01
9.979959726333618164e-01
9.990000128746032715e-01
9.994999766349792480e-01
9.989979863166809082e-01
9.984999895095825195e-01
9.969939589500427246e-01
1.000000000000000000e+00
9.975000023841857910e-01
1.000000000000000000e+00
9.994999766349792480e-01
9.989979863166809082e-01
1.000000000000000000e+00
9.980000257492065430e-01
9.979959726333618164e-01
9.990000128746032715e-01
9.994999766349792480e-01
9.989979863166809082e-01
9.980000257492065430e-01
9.959920048713684082e-01
9.990000128746032715e-01
9.980000257492065430e-01
9.994990229606628418e-01
1.000000000000000000e+00
9.980000257492065430e-01
9.994990229606628418e-01
9.969999790191650391e-01
9.964929819107055664e-01
9.990000128746032715e-01
9.984999895095825195e-01
9.989979863166809082e-01
9.975000023841857910e-01
9.979959726333618164e-01
9.975000023841857910e-01
9.984999895095825195e-01
9.984970092773437500e-01
9.975000023841857910e-01
9.984999895095825195e-01
9.984970092773437500e-01
9.969999790191650391e-01
9.994990229606628418e-01
1.000000000000000000e+00
9.994999766349792480e-01
9.974949955940246582e-01
9.994999766349792480e-01
9.989979863166809082e-01
9.994999766349792480e-01
9.984999895095825195e-01
9.979959726333618164e-01
1.000000000000000000e+00
1.000000000000000000e+00
9.989979863166809082e-01
9.990000128746032715e-01
9.994990229606628418e-01
9.969999790191650391e-01
1.000000000000000000e+00
9.974949955940246582e-01
9.994999766349792480e-01
9.964929819107055664e-01
1.000000000000000000e+00
9.980000257492065430e-01
9.989979863166809082e-01
9.990000128746032715e-01
9.984999895095825195e-01
9.949899911880493164e-01
9.994999766349792480e-01
9.974949955940246582e-01
1.000000000000000000e+00
9.984999895095825195e-01
9.984970092773437500e-01
1.000000000000000000e+00
9.984999895095825195e-01
1.000000000000000000e+00
9.980000257492065430e-01
9.994990229606628418e-01
9.980000257492065430e-01
1.000000000000000000e+00
9.994990229606628418e-01
9.984999895095825195e-01
9.974949955940246582e-01
9.984999895095825195e-01
1.000000000000000000e+00
9.969939589500427246e-01
9.980000257492065430e-01
1.000000000000000000e+00
9.989979863166809082e-01
9.980000257492065430e-01
9.984970092773437500e-01
1.000000000000000000e+00
9.990000128746032715e-01
9.989979863166809082e-01
9.994999766349792480e-01
9.974949955940246582e-01
9.994999766349792480e-01
9.994999766349792480e-01
9.974949955940246582e-01
9.990000128746032715e-01
9.990000128746032715e-01
9.979959726333618164e-01
9.990000128746032715e-01
9.994990229606628418e-01
9.980000257492065430e-01
9.969999790191650391e-01
9.984970092773437500e-01
9.990000128746032715e-01
9.979959726333618164e-01
9.975000023841857910e-01
9.984999895095825195e-01
9.989979863166809082e-01
9.990000128746032715e-01
9.990000128746032715e-01
9.979959726333618164e-01
9.994999766349792480e-01
9.974949955940246582e-01
9.975000023841857910e-01
9.990000128746032715e-01
9.989979863166809082e-01
9.990000128746032715e-01
9.994999766349792480e-01
9.994990229606628418e-01
9.994999766349792480e-01
9.994990229606628418e-01
9.990000128746032715e-01
9.984999895095825195e-01
9.979959726333618164e-01
9.984999895095825195e-01
9.989979863166809082e-01
9.994999766349792480e-01
9.994999766349792480e-01
9.974949955940246582e-01
9.984999895095825195e-01
9.990000128746032715e-01
9.989979863166809082e-01
1.000000000000000000e+00
9.984970092773437500e-01
9.990000128746032715e-01
9.975000023841857910e-01
9.969939589500427246e-01
9.980000257492065430e-01
9.984970092773437500e-01
9.994999766349792480e-01
9.994999766349792480e-01
9.989979863166809082e-01
9.990000128746032715e-01
9.990000128746032715e-01
9.989979863166809082e-01
9.990000128746032715e-01
9.994990229606628418e-01
9.984999895095825195e-01
9.980000257492065430e-01
9.994990229606628418e-01
9.975000023841857910e-01
9.989979863166809082e-01
1.000000000000000000e+00
9.990000128746032715e-01
9.974949955940246582e-01
9.980000257492065430e-01
9.980000257492065430e-01
9.994990229606628418e-01
9.994999766349792480e-01
9.994990229606628418e-01
9.990000128746032715e-01
9.994999766349792480e-01
9.984970092773437500e-01
9.984999895095825195e-01
9.974949955940246582e-01
9.990000128746032715e-01
1.000000000000000000e+00
9.994990229606628418e-01
9.990000128746032715e-01
9.994999766349792480e-01
9.989979863166809082e-01
9.994999766349792480e-01
9.984970092773437500e-01
1.000000000000000000e+00
1.000000000000000000e+00
9.994990229606628418e-01
9.994999766349792480e-01
9.990000128746032715e-01
9.989979863166809082e-01
9.984999895095825195e-01
9.964929819107055664e-01
9.994999766349792480e-01
9.980000257492065430e-01
9.984970092773437500e-01
9.990000128746032715e-01
1.000000000000000000e+00
1.000000000000000000e+00
9.990000128746032715e-01
9.994990229606628418e-01
9.990000128746032715e-01
9.994999766349792480e-01
9.969939589500427246e-01
1.000000000000000000e+00
9.984970092773437500e-01
9.984999895095825195e-01
1.000000000000000000e+00
9.994990229606628418e-01
9.984999895095825195e-01
9.984970092773437500e-01
9.980000257492065430e-01
1.000000000000000000e+00
9.994990229606628418e-01
1.000000000000000000e+00
9.984999895095825195e-01
9.979959726333618164e-01
9.994999766349792480e-01
1.000000000000000000e+00
9.990000128746032715e-01
9.990000128746032715e-01
9.989979863166809082e-01
9.980000257492065430e-01
9.979959726333618164e-01
9.990000128746032715e-01
9.994999766349792480e-01
9.964929819107055664e-01
9.975000023841857910e-01
9.975000023841857910e-01
1.000000000000000000e+00
9.994999766349792480e-01
1.000000000000000000e+00
9.994999766349792480e-01
9.990000128746032715e-01
9.994990229606628418e-01
9.975000023841857910e-01
1.000000000000000000e+00
9.984970092773437500e-01
9.990000128746032715e-01
9.989979863166809082e-01
9.975000023841857910e-01
1.000000000000000000e+00
9.994990229606628418e-01
9.994999766349792480e-01
9.994990229606628418e-01
9.994999766349792480e-01
9.994999766349792480e-01
9.994990229606628418e-01
9.984999895095825195e-01
9.984999895095825195e-01
1.000000000000000000e+00
9.994999766349792480e-01
1.000000000000000000e+00
9.980000257492065430e-01
9.994999766349792480e-01
1.000000000000000000e+00
9.994999766349792480e-01
1.000000000000000000e+00
9.984999895095825195e-01
9.994999766349792480e-01
1.000000000000000000e+00
9.990000128746032715e-01
