7.330252975225448608e-02
4.043169692158699036e-02
3.884186968207359314e-02
2.797375805675983429e-02
2.524473890662193298e-02
2.876623906195163727e-02
1.558504067361354828e-02
2.996454201638698578e-02
1.902836561203002930e-02
1.820757426321506500e-02
1.737629994750022888e-02
1.853510737419128418e-02
1.941447891294956207e-02
1.670953072607517242e-02
1.683640852570533752e-02
1.310988515615463257e-02
1.514058746397495270e-02
1.555814873427152634e-02
1.124218944460153580e-02
1.265625935047864914e-02
1.566810533404350281e-02
1.261019334197044373e-02
1.140475831925868988e-02
8.588646538555622101e-03
7.617417257279157639e-03
7.756253238767385483e-03
5.155783612281084061e-03
6.134993862360715866e-03
8.548271842300891876e-03
6.896177772432565689e-03
7.172162644565105438e-03
5.233868956565856934e-03
8.229146711528301239e-03
5.089217331260442734e-03
4.802833776921033859e-03
7.507595699280500412e-03
4.244441632181406021e-03
4.105603322386741638e-03
3.681786824017763138e-03
3.041992662474513054e-03
3.295560600236058235e-03
6.470992229878902435e-03
4.354659002274274826e-03
3.315267385914921761e-03
4.177103284746408463e-03
6.655898410826921463e-03
3.582553239539265633e-03
4.838695749640464783e-03
3.894209396094083786e-03
4.164645913988351822e-03
3.129168646410107613e-03
2.762876916676759720e-03
2.583141671493649483e-03
3.337569534778594971e-03
1.323349657468497753e-03
2.751474268734455109e-03
2.073446754366159439e-03
5.650317296385765076e-03
2.118265489116311073e-03
3.227930748835206032e-03
9.678592905402183533e-04
2.327839611098170280e-03
2.853418467566370964e-03
2.446812810376286507e-03
4.586446098983287811e-03
1.840849290601909161e-03
8.985185413621366024e-04
2.896209480240941048e-03
3.441508393734693527e-03
5.783837405033409595e-04
3.635443747043609619e-03
2.728390041738748550e-03
1.064850715920329094e-03
2.841250505298376083e-03
1.670472673140466213e-03
6.510319071821868420e-04
2.207341138273477554e-03
1.995886676013469696e-03
4.527089768089354038e-04
1.411256147548556328e-03
2.860541921108961105e-03
3.347841789945960045e-03
2.465625759214162827e-03
2.509908052161335945e-03
1.310255029238760471e-03
1.581583404913544655e-03
2.021629596129059792e-03
2.736767753958702087e-03
2.082563238218426704e-03
1.361680100671947002e-03
1.013159053400158882e-03
1.556412316858768463e-03
3.553783753886818886e-03
2.540622372180223465e-03
4.352626856416463852e-03
1.367306802421808243e-03
1.459578867070376873e-03
1.368375262245535851e-03
1.742216991260647774e-03
1.961817266419529915e-03
2.959199016913771629e-03
1.610952080227434635e-03
1.869707135483622551e-03
2.384332474321126938e-03
2.247110474854707718e-03
2.982317470014095306e-03
2.741005504503846169e-03
4.345649853348731995e-03
3.759658429771661758e-03
2.729727886617183685e-03
9.350012405775487423e-04
2.157933311536908150e-03
8.102755527943372726e-04
1.850047614425420761e-03
9.255214827135205269e-04
1.402723835781216621e-03
1.881435862742364407e-03
2.772998763248324394e-03
1.853937050327658653e-03
3.045295365154743195e-03
6.839615525677800179e-04
2.455834532156586647e-03
1.608614576980471611e-03
2.812527236528694630e-04
1.064572599716484547e-03
1.510800793766975403e-03
2.630949486047029495e-03
3.535651485435664654e-04
1.540103810839354992e-03
1.377748994855210185e-04
1.834327820688486099e-03
2.828317694365978241e-03
1.110988901928067207e-03
1.377891399897634983e-03
2.618237340357154608e-04
1.137707033194601536e-03
9.801080450415611267e-04
2.592265373095870018e-03
1.448317663744091988e-03
9.954359848052263260e-04
1.069523059413768351e-04
8.520298433722928166e-05
2.391438698396086693e-03
1.982449088245630264e-03
1.331222360022366047e-03
8.048563613556325436e-04
2.230207668617367744e-03
2.573122037574648857e-03
7.921013166196644306e-04
2.380860503762960434e-03
8.700760663487017155e-04
1.959811430424451828e-03
5.112424260005354881e-04
2.222733106464147568e-03
6.178105250000953674e-04
1.480326987802982330e-03
6.674188189208507538e-04
9.911722736433148384e-04
1.228242530487477779e-03
1.628473168238997459e-03
9.034110698848962784e-04
1.869737170636653900e-03
7.235117955133318901e-04
5.357906338758766651e-04
1.003568060696125031e-03
7.642179261893033981e-04
2.802405797410756350e-04
2.721756929531693459e-03
6.090807146392762661e-04
1.965257106348872185e-03
8.578966371715068817e-04
9.334804490208625793e-04
2.047272864729166031e-03
7.321139564737677574e-04
1.745053668855689466e-05
1.525022438727319241e-03
2.088410314172506332e-03
5.430983583210036159e-05
4.380567988846451044e-04
1.103562419302761555e-03
9.161671623587608337e-04
1.591836335137486458e-03
1.730162533931434155e-03
3.522557090036571026e-04
9.611109853722155094e-04
7.879878394305706024e-04
1.758385216817259789e-03
8.359533385373651981e-04
1.624993747100234032e-04
1.383315073326230049e-03
1.302958349697291851e-03
2.490956976544111967e-04
9.248819551430642605e-04
1.938201836310327053e-03
1.992073142901062965e-03
1.041968236677348614e-03
7.787788490531966090e-06
8.238230948336422443e-04
1.262629753910005093e-03
9.262209641747176647e-04
7.841797196306288242e-04
2.457847876939922571e-04
6.254213512875139713e-04
4.367314977571368217e-04
1.916698529385030270e-03
1.632439787499606609e-03
6.974405259825289249e-04
2.458375180140137672e-03
9.879389544948935509e-04
2.404108527116477489e-04
2.162726130336523056e-03
1.760625164024531841e-03
2.982915430038701743e-05
9.968415834009647369e-04
6.275629857555031776e-04
1.361594302579760551e-03
3.150158096104860306e-03
4.426138184498995543e-04
5.990144563838839531e-04
1.468289294280111790e-03
1.510841539129614830e-03
6.349922623485326767e-04
9.334631613455712795e-04
4.705463943537324667e-04
1.469242502935230732e-03
1.941717462614178658e-03
1.268117805011570454e-03
1.494632218964397907e-03
1.809905399568378925e-03
1.210877206176519394e-03
5.928333266638219357e-04
2.468229969963431358e-03
1.380788162350654602e-03
1.718987012282013893e-03
6.525288918055593967e-04
1.805581850931048393e-03
2.510523190721869469e-03
3.002660116180777550e-03
1.213796713273040950e-04
8.523933356627821922e-04
7.466941024176776409e-04
5.381270966609008610e-05
2.140979981049895287e-03
6.426573963835835457e-04
1.152065349742770195e-03
8.843383402563631535e-04
1.568997977301478386e-03
3.421383909881114960e-03
2.629668684676289558e-03
6.311245379038155079e-04
1.723251538351178169e-03
8.563009323552250862e-04
6.489705410785973072e-04
1.001273281872272491e-03
1.260169432498514652e-03
1.833608490414917469e-03
1.162338958238251507e-05
1.885051955468952656e-03
2.106110623572021723e-04
5.274190334603190422e-04
1.177626545540988445e-03
1.215369120473042130e-04
1.409991527907550335e-03
1.089948229491710663e-03
7.055112509988248348e-04
4.859812615904957056e-04
1.003043493255972862e-03
2.038453705608844757e-03
3.544473787769675255e-03
6.323161069303750992e-04
1.551811001263558865e-03
3.031986707355827093e-04
8.949266339186578989e-05
1.942403381690382957e-03
7.344608893617987633e-04
2.610441762953996658e-03
2.293113851919770241e-03
7.220663828775286674e-04
1.521970261819660664e-03
9.478933061473071575e-04
2.462181961163878441e-03
1.135525410063564777e-03
1.418368308804929256e-03
1.143976463936269283e-03
1.259787124581634998e-03
1.283055054955184460e-03
1.459089922718703747e-03
1.049064798280596733e-03
2.202517585828900337e-03
4.513719177339226007e-04
1.125459457398392260e-04
1.779582671588286757e-04
1.836455194279551506e-03
5.809394642710685730e-04
6.959651946090161800e-04
4.737201961688697338e-04
1.274588750675320625e-03
1.090187695808708668e-03
7.559228833997622132e-05
2.712713285291101784e-05
1.003984361886978149e-03
8.497615926899015903e-04
5.710644763894379139e-04
2.544986549764871597e-03
5.026013968745246530e-05
1.334003522060811520e-03
4.499084607232362032e-04
3.337829606607556343e-03
6.295457569649443030e-05
1.716981176286935806e-03
6.355590885505080223e-04
1.003073295578360558e-03
1.183224376291036606e-03
3.904119832441210747e-03
2.674476709216833115e-04
1.851340755820274353e-03
1.320213632425293326e-04
1.317092101089656353e-03
9.056846029125154018e-04
1.756031269906088710e-04
1.141662127338349819e-03
8.574242383474484086e-05
1.563635421916842461e-03
5.518246325664222240e-04
1.776376389898359776e-03
1.823762067942880094e-05
2.523017756175249815e-04
1.198832411319017410e-03
2.252415521070361137e-03
1.240527490153908730e-03
5.055090514360927045e-05
2.738520503044128418e-03
1.533857313916087151e-03
4.663283107220195234e-05
9.259785874746739864e-04
1.870001782663166523e-03
1.015659887343645096e-03
2.077319004456512630e-05
9.032816742546856403e-04
5.876275827176868916e-04
5.832738825120031834e-04
2.147597493603825569e-03
5.533894873224198818e-04
2.060964761767536402e-04
1.718594576232135296e-03
4.152858164161443710e-04
5.965696182101964951e-04
1.826622290536761284e-03
9.672955493442714214e-04
5.075529334135353565e-04
1.701377448625862598e-03
2.419889671728014946e-03
9.118365705944597721e-04
6.197097245603799820e-04
1.270995708182454109e-03
1.956926891580224037e-03
9.846083121374249458e-04
7.143461261875927448e-04
7.573859184049069881e-04
4.594153433572500944e-04
1.510734786279499531e-03
2.021979889832437038e-04
2.374714007601141930e-03
2.243878319859504700e-03
9.447851916775107384e-04
7.059836643747985363e-04
7.593842456117272377e-04
5.612985696643590927e-04
2.380448713665828109e-04
5.863100523129105568e-04
2.222204493591561913e-04
7.863140199333429337e-04
1.334081287495791912e-03
2.170288702473044395e-03
1.548910513520240784e-03
1.060660346411168575e-03
3.861021832562983036e-04
2.141115255653858185e-04
2.311200136318802834e-03
1.480890903621912003e-03
5.548808840103447437e-04
1.062924275174736977e-03
1.036809044308029115e-05
1.227962551638484001e-03
1.103084301576018333e-03
2.108756685629487038e-03
2.247744705528020859e-03
1.753472490236163139e-03
1.065187971107661724e-03
2.578853454906493425e-04
4.365790518932044506e-04
4.199989198241382837e-04
1.001233467832207680e-03
8.899282547645270824e-04
7.533227908425033092e-04
6.245238473638892174e-04
6.360563565976917744e-04
9.392908541485667229e-04
1.289165462367236614e-03
6.520116585306823254e-04
2.046682871878147125e-03
6.403183797374367714e-04
1.393058209941955283e-05
7.254800875671207905e-04
1.978903077542781830e-03
1.372019993141293526e-03
1.553078764118254185e-03
2.779425412882119417e-04
5.064914585091173649e-04
5.113852093927562237e-04
9.700334048829972744e-04
1.374963176203891635e-04
9.185239323414862156e-04
1.433320925571024418e-03
1.719443826004862785e-03
9.947908110916614532e-04
1.009832703857682645e-04
2.675430441740900278e-04
7.644567522220313549e-04
4.005050868727266788e-04
7.028433610685169697e-04
3.614699526224285364e-04
1.130579737946391106e-03
1.155219651991501451e-04
4.404388164402917027e-05
5.963145522400736809e-04
2.295247686561197042e-04
8.997314143925905228e-04
7.697800756432116032e-04
1.119280583225190639e-03
2.589259296655654907e-03
5.276770098134875298e-04
1.565785496495664120e-03
1.012083957903087139e-03
1.094540697522461414e-03
3.432177209106157534e-06
5.699411485693417490e-05
1.206507324241101742e-03
4.954381147399544716e-04
3.974762512370944023e-04
5.349752027541399002e-04
2.780939452350139618e-03
2.398509823251515627e-04
1.308454782702028751e-03
1.167550915852189064e-03
7.643363642273470759e-05
4.545451083686202765e-04
1.026745769195258617e-03
1.079991925507783890e-03
1.932418323121964931e-03
1.282990269828587770e-04
5.343480734154582024e-04
8.203610923374071717e-05
9.294975316151976585e-04
1.381568261422216892e-03
4.392054106574505568e-04
1.086614356609061360e-04
7.190577453002333641e-04
8.896209183149039745e-04
1.026195590384304523e-03
1.658313092775642872e-03
1.567486673593521118e-03
3.956831933464854956e-04
4.025134549010545015e-04
2.318663522601127625e-03
2.254083985462784767e-03
1.677862834185361862e-03
1.310232801188249141e-05
3.384550800547003746e-04
4.719381649920251220e-06
3.049188526347279549e-04
8.963951258920133114e-04
3.451886877883225679e-04
1.399532193318009377e-03
8.009313205548096448e-06
1.070173690095543861e-03
3.100651374552398920e-04
9.405925520695745945e-04
1.531863468699157238e-03
3.279752036178251728e-06
6.679436191916465759e-04
3.750281757675111294e-04
4.988608998246490955e-04
2.118047559633851051e-04
2.139254211215302348e-04
1.760706800268962979e-04
1.471871393732726574e-03
1.097994623705744743e-03
3.010073269251734018e-04
4.591266624629497528e-04
1.510480360593646765e-04
1.987691735848784447e-03
2.729879633989185095e-04
1.060053473338484764e-04
4.265160532668232918e-04
4.711377812327555148e-07
9.221314685419201851e-04
4.486600519157946110e-04
2.014675146710942499e-07
3.901981690432876348e-04
